      0/39      7.8G      9.15      74.6         0      83.8         1       512   0.00168    0.0492   0.00062   0.00324      8.98      14.2         0
      1/39     7.28G      8.51      5.93         0      14.4         2       512         0         0   0.00173         0      8.13      3.28         0
      2/39     9.11G      8.18      4.21         0      12.4         1       512         0         0   0.00304         0      7.74      3.94         0
      3/39     9.11G      7.49      5.27         0      12.8         2       512         0         0   0.00565         0       7.1      4.24         0
      4/39     9.11G      6.73      5.07         0      11.8         1       512         1    0.0082    0.0982    0.0163      6.63      4.03         0
      5/39     9.11G      6.28      4.77         0        11         1       512     0.152    0.0082     0.138    0.0156      5.95      3.26         0
      6/39     9.11G      5.45      4.67         0      10.1         1       512     0.119     0.557     0.155     0.197      6.05      2.59         0
      7/39     9.11G      5.09      3.24         0      8.33         1       512    0.0487      0.73      0.15    0.0913      6.58      6.47         0
      8/39     9.11G      5.24      2.41         0      7.64         1       512    0.0302     0.689    0.0783    0.0578      7.24      12.6         0
      9/39     9.11G      5.13      2.02         0      7.15         1       512    0.0271     0.869    0.0664    0.0526      7.07      7.98         0
     10/39     9.11G      5.28      1.77         0      7.05         1       512    0.0775     0.582    0.0896     0.137      7.02      2.09         0
     11/39     9.11G      5.02      2.06         0      7.08         4       512     0.135     0.754      0.23      0.23      5.14      1.74         0
     12/39     9.11G      4.41      1.55         0      5.96         2       512     0.136     0.934     0.425     0.238      4.57      1.91         0
     13/39     9.11G      4.06      1.47         0      5.52         1       512     0.164     0.918      0.52     0.278      4.91      1.62         0
     14/39     9.11G      3.87      1.56         0      5.43         2       512     0.228     0.893     0.645     0.363      5.11      1.18         0
     15/39     9.11G      4.32      1.39         0      5.71         1       512     0.242      0.82     0.362     0.374      5.04      3.25         0
     16/39     9.11G      4.08      1.32         0       5.4         2       512     0.454     0.869     0.783     0.596      4.24     0.905         0
     17/39     9.11G      3.73      1.16         0      4.89         1       512     0.491     0.934     0.819     0.644      3.86     0.846         0
     18/39     9.11G      3.59      1.28         0      4.86         2       512     0.378     0.926     0.672     0.537      4.21      0.87         0
     19/39     9.11G      3.25      1.15         0      4.39         2       512     0.334     0.943     0.388     0.493      3.62     0.934         0
     20/39     9.11G      3.27      1.28         0      4.56         3       512     0.276     0.852     0.292     0.417      4.03      1.07         0
     21/39     9.11G      3.21      1.33         0      4.54         4       512     0.668     0.922     0.826     0.774      2.97     0.858         0
     22/39     9.11G      3.06      1.13         0      4.19         1       512     0.451     0.943     0.724      0.61      3.97     0.784         0
     23/39     9.11G      3.37      1.08         0      4.45         2       512     0.645     0.967     0.834     0.774      3.04      0.74         0
     24/39     9.11G      2.89      1.12         0      4.01         3       512     0.722     0.975     0.848      0.83      2.69      0.69         0
     25/39     9.11G      2.97      1.13         0       4.1         1       512     0.644     0.967      0.87     0.773      2.86     0.651         0
     26/39     9.11G      2.88      0.95         0      3.83         1       512     0.729      0.97     0.898     0.832      3.13     0.664         0
     27/39     9.11G      2.98     0.985         0      3.97         1       512     0.719     0.951     0.797     0.819      2.73     0.698         0
     28/39     9.11G      2.66       1.4         0      4.07         3       512     0.508     0.951     0.685     0.662      2.88     0.681         0
     29/39     9.11G      2.65     0.949         0       3.6         2       512     0.623     0.975     0.856     0.761      2.51     0.667         0
     30/39     9.11G      2.51     0.943         0      3.46         1       512     0.595     0.967     0.717     0.737      2.67     0.745         0
     31/39     9.11G      2.47       1.1         0      3.57         2       512     0.426     0.975     0.442     0.593      2.61     0.963         0
     32/39     9.11G      2.36     0.819         0      3.18         1       512     0.187     0.934     0.209     0.312       2.5      1.81         0
     33/39     9.11G      2.63     0.943         0      3.57         1       512     0.105     0.918     0.112     0.189      2.41      3.48         0
     34/39     9.11G      2.19     0.918         0       3.1         1       512     0.143     0.943     0.152     0.249      2.42      2.43         0
     35/39     9.11G      2.42     0.939         0      3.36         1       512     0.337     0.951     0.379     0.498      2.31      1.05         0
     36/39     9.11G      2.21     0.791         0      3.01         1       512     0.413     0.951      0.52     0.576      2.29     0.823         0
     37/39     9.11G       2.3     0.935         0      3.23         2       512     0.396     0.951     0.511     0.559      2.28     0.848         0
     38/39     9.11G      2.25     0.922         0      3.18         1       512     0.337     0.959     0.433     0.499      2.25     0.961         0
     39/39     9.11G      1.85     0.862         0      2.71         0       512     0.361     0.959       0.5     0.525      2.21     0.931         0
